"confirmedCount","confirmedIncr","curedCount","curedIncr","currentConfirmedCount","currentConfirmedIncr","dateId","deadCount","deadIncr"
1,1,0,0,1,1,20200122,0,0
1,0,0,0,1,0,20200123,0,0
3,2,0,0,3,2,20200124,0,0
3,0,0,0,3,0,20200125,0,0
4,1,0,0,4,1,20200126,0,0
5,1,0,0,5,1,20200127,0,0
8,3,0,0,8,3,20200128,0,0
8,0,0,0,8,0,20200129,0,0
9,1,0,0,9,1,20200130,0,0
10,1,0,0,10,1,20200131,0,0
10,0,0,0,10,0,20200201,0,0
10,0,0,0,10,0,20200202,0,0
10,0,0,0,10,0,20200203,0,0
11,1,0,0,11,1,20200204,0,0
11,0,0,0,11,0,20200205,0,0
16,5,1,1,15,4,20200206,0,0
16,0,1,0,15,0,20200207,0,0
17,1,1,0,16,1,20200208,0,0
18,1,1,0,17,1,20200209,0,0
18,0,1,0,17,0,20200210,0,0
18,0,1,0,17,0,20200211,0,0
18,0,1,0,17,0,20200212,0,0
18,0,1,0,17,0,20200213,0,0
18,0,1,0,17,0,20200214,0,0
18,0,2,1,16,-1,20200215,0,0
20,2,2,0,17,1,20200216,1,1
22,2,2,0,19,2,20200217,1,0
22,0,2,0,19,0,20200218,1,0
24,2,2,0,21,2,20200219,1,0
24,0,2,0,21,0,20200220,1,0
26,2,2,0,23,2,20200221,1,0
26,0,2,0,23,0,20200222,1,0
28,2,5,3,22,-1,20200223,1,0
30,2,5,0,24,2,20200224,1,0
31,1,5,0,25,1,20200225,1,0
32,1,5,0,26,1,20200226,1,0
32,0,6,1,25,-1,20200227,1,0
34,2,9,3,24,-1,20200228,1,0
39,5,9,0,29,5,20200229,1,0
40,1,12,3,27,-2,20200301,1,0
41,1,12,0,28,1,20200302,1,0
42,1,12,0,29,1,20200303,1,0
42,0,12,0,29,0,20200304,1,0
44,2,12,0,31,2,20200305,1,0
45,1,12,0,32,1,20200306,1,0
45,0,13,1,31,-1,20200307,1,0
45,0,15,2,29,-2,20200308,1,0
45,0,15,0,29,0,20200309,1,0
47,2,17,2,29,0,20200310,1,0
48,1,17,0,30,1,20200311,1,0
49,1,20,3,28,-2,20200312,1,0
50,1,20,0,29,1,20200313,1,0
53,3,20,0,32,3,20200314,1,0
59,6,20,0,38,6,20200315,1,0
67,8,22,2,44,6,20200316,1,0
77,10,22,0,54,10,20200317,1,0
100,23,22,0,77,23,20200318,1,0
108,8,26,4,81,4,20200319,1,0
135,27,28,2,105,24,20200320,2,1
153,18,28,0,123,18,20200321,2,0
169,16,28,0,139,16,20200322,2,0
195,26,29,1,164,25,20200323,2,0
216,21,29,0,185,21,20200324,2,0
235,19,29,0,204,19,20200325,2,0
252,17,29,0,221,17,20200326,2,0
267,15,30,1,235,14,20200327,2,0
283,16,30,0,251,16,20200328,2,0
298,15,39,9,256,5,20200329,3,1
306,8,39,0,262,6,20200330,5,2
322,16,39,0,278,16,20200331,5,0
329,7,39,0,285,7,20200401,5,0
355,26,50,11,300,15,20200404,5,0
363,8,54,4,304,4,20200405,5,0
373,10,57,3,311,7,20200406,5,0