"confirmedCount","confirmedIncr","curedCount","curedIncr","currentConfirmedCount","currentConfirmedIncr","dateId","deadCount","deadIncr"
1,1,0,0,1,1,20200119,0,0
17,16,0,0,17,16,20200120,0,0
26,9,0,0,26,9,20200121,0,0
32,6,0,0,32,6,20200122,0,0
53,21,0,0,53,21,20200123,0,0
78,25,2,2,76,23,20200124,0,0
111,33,2,0,109,33,20200125,0,0
146,35,2,0,144,35,20200126,0,0
188,42,4,2,184,40,20200127,0,0
241,53,5,1,236,52,20200128,0,0
311,70,6,1,305,69,20200129,0,0
393,82,7,1,386,81,20200130,0,0
520,127,8,1,512,126,20200131,0,0
604,84,12,4,592,80,20200201,0,0
683,79,14,2,669,77,20200202,0,0
797,114,20,6,777,108,20200203,0,0
870,73,32,12,838,61,20200204,0,0
944,74,49,17,895,57,20200205,0,0
1018,74,68,19,949,54,20200206,1,1
1075,57,97,29,977,28,20200207,1,0
1120,45,125,28,994,17,20200208,1,0
1151,31,143,18,1007,13,20200209,1,0
1177,26,181,38,995,-12,20200210,1,0
1219,42,241,60,977,-18,20200211,1,0
1241,22,284,43,955,-22,20200212,2,1
1261,20,332,48,927,-28,20200213,2,0
1294,33,386,54,906,-21,20200214,2,0
1316,22,436,50,878,-28,20200215,2,0
1322,6,473,37,845,-33,20200216,4,2
1328,6,530,57,794,-51,20200217,4,0
1331,3,571,41,755,-39,20200218,5,1
1332,1,619,48,708,-47,20200219,5,0
1333,1,664,45,664,-44,20200220,5,0
1339,6,720,56,614,-50,20200221,5,0
1342,3,740,20,596,-18,20200222,6,1
1345,3,772,32,567,-29,20200223,6,0
1347,2,805,33,535,-32,20200224,7,1
1347,0,841,36,499,-36,20200225,7,0
1347,0,873,32,467,-32,20200226,7,0
1348,1,919,46,422,-45,20200227,7,0
1349,1,972,53,370,-52,20200228,7,0
1349,0,1009,37,333,-37,20200229,7,0
1350,1,1034,25,309,-24,20200301,7,0
1350,0,1081,47,262,-47,20200302,7,0
1350,0,1129,48,214,-48,20200303,7,0
1350,0,1159,30,184,-30,20200304,7,0
1351,1,1209,50,135,-49,20200305,7,0
1352,1,1233,24,112,-23,20200306,7,0
1352,0,1250,17,95,-17,20200307,7,0
1352,0,1260,10,84,-11,20200308,8,1
1353,1,1270,10,75,-9,20200309,8,0
1353,0,1282,12,63,-12,20200310,8,0
1356,3,1288,6,60,-3,20200311,8,0
1356,0,1296,8,52,-8,20200312,8,0
1356,0,1299,3,49,-3,20200313,8,0
1357,1,1303,4,46,-3,20200314,8,0
1361,4,1306,3,47,1,20200315,8,0
1364,3,1307,1,49,2,20200316,8,0
1369,5,1312,5,49,0,20200317,8,0
1378,9,1318,6,52,3,20200318,8,0
1392,14,1322,4,62,10,20200319,8,0
1399,7,1325,3,66,4,20200320,8,0
1407,8,1329,4,70,4,20200321,8,0
1413,6,1332,3,73,3,20200322,8,0
1428,15,1333,1,87,14,20200323,8,0
1433,5,1334,1,91,4,20200324,8,0
1444,11,1336,2,100,9,20200325,8,0
1456,12,1337,1,111,11,20200326,8,0
1467,11,1341,4,118,7,20200327,8,0
1475,8,1349,8,118,0,20200328,8,0
1484,9,1351,2,125,7,20200329,8,0
1490,6,1353,2,129,4,20200330,8,0
1501,11,1357,4,136,7,20200331,8,0
1507,6,1365,8,134,-2,20200401,8,0
1524,17,1387,22,129,-5,20200404,8,0
1532,8,1395,8,129,0,20200405,8,0
1533,1,1401,6,124,-5,20200406,8,0